0.000000000000000000e+00 4.227745775341939181e+07 3.117081072298581712e+06
6.012024048096191731e-01 4.326791249287462234e+07 2.721985934037851635e+06
1.202404809619238346e+00 3.974857461708393693e+07 6.431838633879432455e+05
1.803607214428857741e+00 3.723606595618649572e+07 5.268048709078171290e+06
2.404809619238476692e+00 4.022536310101104528e+07 4.340912182198727969e+05
3.006012024048096087e+00 3.623498351572410762e+07 3.186323304343600757e+06
3.607214428857715482e+00 3.660346433982820064e+07 -1.305163877281923778e+06
4.208416833667334878e+00 3.939882049199366570e+07 2.935654576072493568e+06
4.809619238476953385e+00 3.903409803955375403e+07 6.705199867932361551e+06
5.410821643286572780e+00 3.644766324051295966e+07 5.545527849787820131e+06
6.012024048096192175e+00 3.149199906777029485e+07 2.171378093500541989e+06
6.613226452905811570e+00 3.205920900397828221e+07 2.199255600482169073e+06
7.214428857715430965e+00 3.067286310607652366e+07 3.308386794175370596e+06
7.815631262525049472e+00 3.156922702741541341e+07 -4.904799457391064614e+06
8.416833667334669755e+00 3.262567112921966612e+07 6.834130167024204507e+06
9.018036072144287374e+00 2.746085255702399835e+07 4.029621992480505724e+05
9.619238476953906769e+00 2.929779647873146459e+07 9.938433899626559578e+05
1.022044088176352616e+01 2.750208411094558612e+07 3.820758680494917557e+06
1.082164328657314556e+01 3.087378612856931612e+07 1.807230436981722247e+06
1.142284569138276495e+01 2.569740980297502130e+07 5.473319060342233861e+05
1.202404809619238435e+01 2.460117068011284247e+07 -1.846815113872718997e+06
1.262525050100200374e+01 2.416616927785805985e+07 -1.351432614566507284e+06
1.322645290581162314e+01 2.717131708819302171e+07 7.525095514864465222e+05
1.382765531062124253e+01 2.490139587788069993e+07 2.840789865440455265e+06
1.442885771543086193e+01 2.376709576585767418e+07 1.702873476315792184e+06
1.503006012024047955e+01 2.479969760209498554e+07 -1.125537365216105245e+06
1.563126252505009894e+01 2.169516265446336567e+07 5.629875614488991909e+06
1.623246492985972012e+01 2.154276827807854861e+07 1.125157196428269148e+06
1.683366733466933951e+01 1.657026020841429196e+07 -1.530767712618221529e+06
1.743486973947895891e+01 2.103709723913430050e+07 4.005396472769804765e+06
1.803607214428857475e+01 1.894554731676346064e+07 2.972393017268680502e+06
1.863727454909819414e+01 2.069764839637642726e+07 3.410459890395625960e+06
1.923847695390781354e+01 1.680915653980946168e+07 -9.600973020042697899e+05
1.983967935871743293e+01 1.502804693969444185e+07 2.106167982743201777e+06
2.044088176352705233e+01 1.729316943788437918e+07 -1.079275509807986440e+06
2.104208416833667172e+01 1.551394084646929428e+07 1.397693802922448376e+06
2.164328657314629112e+01 1.390603603913993388e+07 -2.057703096047167201e+05
2.224448897795591051e+01 9.382728230216778815e+06 4.371496111060701311e+06
2.284569138276552991e+01 1.234026780615108460e+07 3.872661335673524532e+06
2.344689378757514930e+01 1.191926103632290289e+07 1.936469262346697971e+06
2.404809619238476870e+01 1.241197008270394802e+07 -6.009048132681150455e+05
2.464929859719438809e+01 1.058504687503970973e+07 1.161688343733383575e+06
2.525050100200400749e+01 9.273901845374539495e+06 1.470448980025856523e+06
2.585170340681362688e+01 1.522963869272228330e+07 3.288170135924384464e+06
2.645290581162324628e+01 1.291798216647998616e+07 -5.083579836183605366e+05
2.705410821643286567e+01 1.158281156773395464e+07 3.864318684901858214e+05
2.765531062124248507e+01 1.104257741039090976e+07 -1.239678380712782266e+06
2.825651302605210446e+01 5.714924398571794853e+06 -1.126081248626547167e+05
2.885771543086172386e+01 7.987270243450166658e+06 1.973015839001716347e+06
2.945891783567134325e+01 4.801285247527382337e+06 5.186835421220008284e+05
3.006012024048095910e+01 1.926997674233729020e+06 -1.340015116442361614e+06
3.066132264529057849e+01 2.976425017073813360e+06 2.100053655111959204e+06
3.126252505010019789e+01 4.950064688799360767e+06 -6.385891519955523545e+05
3.186372745490981728e+01 -6.453471890628891997e+05 -4.503631816308941343e+05
3.246492985971944023e+01 3.279470179847791791e+06 -4.780819995317985304e+06
3.306613226452905963e+01 3.466926271578902379e+05 -1.050962917743127560e+06
3.366733466933867902e+01 1.988653947454136563e+06 3.806823056244365405e+06
3.426853707414829842e+01 -7.116893453094933648e+04 -3.702266610863143113e+06
3.486973947895791781e+01 -4.951009809314208105e+06 -2.465282409833231010e+06
3.547094188376753721e+01 9.586210871270470088e+05 3.568037011977855116e+06
3.607214428857714950e+01 -7.305746572081077611e+05 1.033791698710705270e+06
3.667334669338676889e+01 1.119599310557645746e+06 6.516285539894239046e+05
3.727454909819638829e+01 4.025881890851890668e+06 -1.596584063953454839e+06
3.787575150300600768e+01 -1.180281466395206749e+06 -5.275956448423760012e+06
3.847695390781562708e+01 -7.708907024358044146e+05 -6.558061092403761577e+05
3.907815631262524647e+01 -2.249943839689450338e+06 6.536239052117606625e+05
3.967935871743486587e+01 1.562791558212818811e+06 1.163784493096202146e+06
